i,60;
p,0,255,255,255;
h,1,30,100,50;
h,2,60,100,50;
h,3,90,100,50;
h,4,120,100,50;
h,5,150,100,50;
h,6,180,100,50;
h,7,210,100,50;
h,8,240,100,50;
h,9,270,100,50;
h,10,300,100,50;
h,11,330,100,50;
h,12,0,100,50;
h,13,30,100,50;
h,14,60,100,50;
h,15,90,100,50;
h,16,120,100,50;
h,17,150,100,50;
h,18,180,100,50;
h,19,210,100,50;
h,20,240,100,50;
h,21,270,100,50;
h,22,300,100,50;
h,23,330,100,50;
#;
h,24,0,100,50;
h,25,30,100,50;
h,26,60,100,50;
h,27,90,100,50;
h,28,120,100,50;
h,29,150,100,50;
h,30,180,100,50;
h,31,210,100,50;
h,32,240,100,50;
h,33,270,100,50;
h,34,300,100,50;
h,35,330,100,50;
h,36,0,100,50;
h,37,30,100,50;
h,38,60,100,50;
h,39,90,100,50;
h,40,120,100,50;
h,41,150,100,50;
h,42,180,100,50;
h,43,210,100,50;
h,44,240,100,50;
h,45,270,100,50;
h,46,300,100,50;
h,47,330,100,50;
#;
p,48,33,00,00;
p,49,00,33,00;
p,50,00,33,00;
p,51,00,33,00;
p,52,00,33,00;
p,53,00,33,00;
p,54,00,33,00;
p,55,00,33,00;
p,56,00,33,00;
p,57,00,33,00;
p,58,00,33,00;
p,59,00,00,33;
