i,60;
c;
h,0,0,100,50;
h,1,6,100,50;
h,2,12,100,50;
h,3,18,100,50;
h,4,24,100,50;
h,5,30,100,50;
h,6,36,100,50;
h,7,42,100,50;
h,8,48,100,50;
h,9,54,100,50;
h,10,60,100,50;
h,11,66,100,50;
h,12,72,100,50;
h,13,78,100,50;
h,14,84,100,50;
h,15,90,100,50;
h,16,96,100,50;
h,17,102,100,50;
h,18,108,100,50;
h,19,114,100,50;
h,20,120,100,50;
h,21,126,100,50;
h,22,132,100,50;
h,23,138,100,50;
h,24,144,100,50;
h,25,150,100,50;
h,26,156,100,50;
h,27,162,100,50;
h,28,168,100,50;
h,29,174,100,50;
h,30,180,100,50;
h,31,186,100,50;
h,32,192,100,50;
h,33,198,100,50;
h,34,204,100,50;
h,35,210,100,50;
h,36,216,100,50;
h,37,222,100,50;
h,38,228,100,50;
h,39,234,100,50;
h,40,240,100,50;
h,41,246,100,50;
h,42,252,100,50;
h,43,258,100,50;
h,44,264,100,50;
h,45,270,100,50;
h,46,276,100,50;
h,47,282,100,50;
h,48,288,100,50;
h,49,294,100,50;
h,50,300,100,50;
h,51,306,100,50;
h,52,312,100,50;
h,53,318,100,50;
h,54,324,100,50;
h,55,330,100,50;
h,56,336,100,50;
h,57,342,100,50;
h,58,348,100,50;
h,59,354,100,50;
