i,60;
c;
p,0,255,255,255;
p,1,255,255,255;
p,2,255,255,255;
p,3,255,255,255;
p,4,255,255,255;
p,5,255,255,255;
p,6,255,255,255;
p,7,255,255,255;
p,8,255,255,255;
p,9,255,255,255;
p,10,255,255,255;
p,11,255,255,255;
p,12,255,255,255;
p,13,255,255,255;
p,14,255,255,255;
p,15,255,255,255;
p,16,255,255,255;
p,17,255,255,255;
p,18,255,255,255;
p,19,255,255,255;
p,20,255,255,255;
p,21,255,255,255;
p,22,255,255,255;
p,23,255,255,255;
p,24,255,255,255;
p,25,255,255,255;
p,26,255,255,255;
p,27,255,255,255;
p,28,255,255,255;
p,29,255,255,255;
p,30,255,255,255;
p,31,255,255,255;
p,32,255,255,255;
p,33,255,255,255;
p,34,255,255,255;
p,35,255,255,255;
p,36,255,255,255;
p,37,255,255,255;
p,38,255,255,255;
p,39,255,255,255;
p,40,255,255,255;
p,41,255,255,255;
p,42,255,255,255;
p,43,255,255,255;
p,44,255,255,255;
p,45,255,255,255;
p,46,255,255,255;
p,47,255,255,255;
p,48,255,255,255;
p,49,255,255,255;
p,50,255,255,255;
p,51,255,255,255;
p,52,255,255,255;
p,53,255,255,255;
p,54,255,255,255;
p,55,255,255,255;
p,56,255,255,255;
p,57,255,255,255;
p,58,255,255,255;
p,59,255,255,255;
